115.7972935046041
947.9538155911138
772.0510825127313
443.1099122367792
522.2335251956391
73.83048399596493
320.7340491134889
128.30282636408063
923.060672186067
992.4690641218541
195.30902754036683
634.8279086214472
491.8019752061742
641.1906830238438
657.8764332309894
259.21138811563435
313.68956393433643
43.691754949848786
686.8293209320622
279.2912530572109
769.2047744523578
381.4919734272837
860.6933622733696
580.4989575759771
712.090018584741
312.691354114651
345.5245698118581
871.5940517097482
308.2331779686165
408.47672319501993
893.3262556440462
238.58055210242844
737.2629744238754
713.4374108682053
256.4784610041162
859.6855627144238
505.0179252444289
929.6663676083361
983.7657908270845
663.7273285604499
481.6789401704631
477.8794452272457
979.2840468921502
710.9090946158456
487.1018814961465
114.48391141457392
660.6634812454872
656.1267495602276
780.0686071427057
734.9948239536266
9.083101207060018
693.0423509266681
583.0809611194163
399.06603089438875
848.2061605761437
204.9264630250338
369.43769777146997
878.8228088618242
189.02982024918936
350.94786691035654
387.0459286542667
225.4698948788727
110.85632438365445
415.71049790545
445.1812035908067
963.697425887853
359.1935550462424
550.4461074203464
144.65831615099623
176.03965823524302
382.3179434233506
459.8797278528048
548.0031487185393
270.1456164424483
67.00433323876398
192.3050369241639
155.1432566871709
474.2668273189932
945.704266788774
864.2189033489105
527.2811233471115
363.12667135544996
954.6717534174345
601.6111362773127
275.9250537376139
624.7918514502993
112.76158853772067
580.9102174466551
602.2263920393078
254.18226095182428
487.5217904775353
986.8942796431903
554.9221996021507
156.03352282942274
602.2313826164553
642.3331768087792
85.03699740265391
225.24436126088298
762.5824061341608
321.189789167986
324.95776086844063
889.2265438250485
139.14849579804246
537.2250316179848
770.1166403530053
136.81330005447956
577.2019722629775
753.7395407684523
901.8217008618406
667.453589013481
414.8745197820451
488.6119692775992
923.3740785157927
523.4959263737726
554.6282618856819
66.32733883332564
201.74341987556454
294.02228182960033
72.88885057874795
363.03978928741975
365.326247153001
165.15360581371553
448.1047280309791
200.58380875697267
493.9637830629289
926.8162566001006
360.6964621277531
85.30231110855047
220.84158671110998
164.0540423458281
834.0451587633175
70.08378761020562
117.5065018508008
338.55229286893706
550.5990297893455
86.39191168727378
448.427435351318
996.6465677464031
363.1663545389754
305.52113565168736
636.7383199249932
713.7561263495389
335.5297147927632
249.49430029511265
239.0662633914873
569.4979919564469
798.410104652416
294.2771850224277
590.902444279795
34.33384999492417
565.5933487268823
575.9830564521847
390.8062421590601
987.6167383621989
717.7454087899129
667.0424001788859
259.34558471061007
544.4877218868187
637.3488713835686
822.0333183145545
953.890056359164
894.480496662061
630.8190865102854
755.8892948360942
297.09891596465286
243.81705896637794
400.4795030523922
750.8433553589853
391.51858648834525
322.3039745543264
551.592423406613
6.957811256649515
828.5756873077208
957.1895467126105
355.5819159175535
923.0130308499387
31.06825889894127
320.3925139476769
345.62201982612595
469.2296326902121
931.8523640189367
153.74871656635912
223.1286773885577
453.20238223853715
151.9344970889971
24.699038002304885
100.9185440636653
578.9569163452838
365.30219073953464
822.3730305999337
743.1115584250821
109.99170481832677
124.19995631111492
376.35235595474813
777.3753962189129
520.2230657447866
553.9807441753646
681.612307734731
525.5497043015804
451.9780127072517
44.70430499407318
345.3716349378486
578.2069319484189
500.0502739709121
92.80989804587514
861.5553090124595
726.6404878953558
737.8264522774572
75.88171454628866
824.6445076930518
952.5860836012043
734.143900831554
101.15840044264269
874.7773778791867
428.97899017044085
720.3743504048416
409.7573851360634
749.0161581326471
711.5053102906656
886.0095325459665
632.1201930520053
742.0303820803065
418.5527802929121
653.4953172682887
101.93203601526379
303.30561308907835
742.1587240145504
789.0728314151969
638.8200332004487
622.9335924756263
894.3410926500442
955.2061763378692
564.1025764592717
508.1499525748081
313.6831049841093
390.3075911600651
786.941856270198
677.230987604648
926.2912111857287
202.54183137316528
242.2654713743193
969.2534269288591
343.00391225251883
311.84040724369623
704.2838641787206
999.9655431755115
149.4932293279714
307.46007149897656
835.5778140420764
572.5198796730559
357.96626141749834
56.732353368444734
782.62688522951
929.3172018008541
52.33168166759938
938.355659892436
611.3143131897325
377.1122338695809
914.7809259916937
526.611557480593
555.7219972480525
74.58949992983266
308.57303950475614
223.0525018132832
139.57491159891978
287.36393071329223
209.48160645951464
503.6531632800767
581.317271715188
560.6533861977854
372.3526416196814
54.14781354473486
652.6373632210418
457.7523275783519
603.4861995858711
708.7394513818443
127.16568481272273
644.7579013099831
172.4553009827219
152.54245738238458
340.3988340142712
966.9077146665581
966.9808548577859
123.06917869878053
937.6178033156004
871.1747020642562
904.8788601976552
610.5877265858775
484.5965766380773
186.28867711327325
368.2028154171195
300.09637724997674
852.1350220681045
21.898447004769395
486.9780170914244
29.579213631045988
645.4102538492401
810.4354379834435
934.209268904995
885.1468663145525
417.13624921742866
727.0713777702466
267.5641785415859
131.570973835081
59.63871142824995
670.319348545843
495.885328488773
241.2434288355667
146.08258818293106
136.5405551697083
448.8158591673679
25.779624232018072
306.2675285531442
194.02646672445377
893.8977531597501
423.68784363732993
230.35612049315657
509.4266780999361
18.39485575988853
351.5760995784296
520.966895215617
334.2901250967827
647.619438094626
456.80220566341245
184.97259792250586
991.689114368584
985.0564924574201
195.70038532469613
716.2129305000857
540.3927587957769
814.2828962561304
650.5551505520913
147.37866073818594
816.6495346063011
456.19161807146355
289.0193823726472
676.5843163640446
738.2561380467496
590.1518333176858
99.49591511844469
76.18471114950687
604.2805450159226
423.39633488482843
377.04434059273126
343.82932004977886
467.8478858712354
340.6355064514148
402.9635680537464
775.9596949562396
242.64068678848517
454.10680815622385
138.77143767591593
218.86736371232175
188.6112830196527
237.1440197927841
603.8214482645054
13.82053976746711
638.6609997063117
861.3461561790646
541.9380291645552
683.2641270670933
919.3702025293246
80.54372938047605
869.7667363183818
277.5855665147324
271.978362405918
547.4351691301179
237.74707584368127
414.2238838001129
353.39262319680785
9.069314222764913
197.23528144619996
601.4356557426355
122.29396799886216
67.97449897707808
162.37207990816583
165.24446430441043
272.52962596661945
487.98352848966897
120.89027237356919
118.04229377687791
816.0264285283743
191.05212576260277
789.0920149810102
492.12026835022635
846.8793475940779
217.30171043517643
287.4742760235436
887.8853680065741
180.85386062585295
527.4126840200424
611.8211417498529
774.833684195427
23.338990766884393
848.7455114682003
408.0693016063162
951.1458111905857
504.5543929954708
414.49226621650223
866.4713119826006
119.07586836754835
891.7198923140517
886.9315579175902
752.8693396928487
388.5671463821181
387.73563360948503
636.1501335242916
87.33342963364099
629.1872504102016
587.6194486199739
245.16478222364867
185.30052554018474
575.2474230259819
613.0003795887959
665.7032187986076
244.67152829565242
271.0740943275134
654.272839246037
519.7201554197044
219.27602400139446
871.8148208928052
998.4935977335365
3.4936836376460167
534.2864273847161
767.19567021308
953.1175443202942
515.4979709036874
911.0418148698831
344.0047703351294
886.0001036202516
537.5137319935111
909.2912360192089
13.728454885823638
257.5386572515865
174.73163473919894
4.95839820386812
641.1028146409918
500.4416556765576
951.636303653483
686.2658062616622
4.691640341238701
761.3316232705549
121.68855770080245
911.8794998693769
749.4217370704439
864.4451453868506
615.6492831930174
929.2180587485112
697.6441593952585
454.1510009776641
263.1589747812364
329.02067417688
185.44365204606584
934.2391249519333
398.2263023924799
39.72300195360501
155.34622046808465
614.2024390163248
912.4148543712764
126.49075123441067
625.4307741896239
883.78547430007
440.89759220440186
273.8413528160819
782.7400797853721
130.22367542786628
693.9398500464351
726.8768458587924
830.6082089106459
191.38803654547831
981.5881713405745
547.8207199199716
154.01690823694625
327.3329548695769
913.2882646003358
984.0724962250193
25.359628607477312
691.5495890126044
769.0820791570867
483.37437537348296
254.27395903277784
33.46231704289937
667.7555913645101
337.81561210886247
186.03736417266714
465.66815723991726
855.9294451815276
500.0244256831301
914.5230907317991
650.4816733230225
103.5371102024878
174.55175116203446
334.0230931297532
593.0660257223051
353.9183233226113
620.4215140666179
840.924762921678
556.5696412451564
137.64446825454613
981.865328287326
743.4070297989226
917.1420761939432
654.6728062871057
903.5384888922447
288.7823374652625
658.0592802333714
185.46015685548235
315.0089466432182
930.1216385843217
617.0713907176444
696.9330588821427
0.8059955337180735
848.4156688181686
325.09619218388264
888.1450495906531
406.72734293805155
372.66634759494076
885.3962513996996
366.01929138372014
671.6374535299077
658.3862131067899
282.7914662849451
94.97124870883944
321.04331430479573
678.3615861391015
218.6163816866482
675.8192076586072
326.82822753210417
64.50029120859612
305.68475332354075
702.1948361558823
158.47292432207882
257.3929018159371
687.928607884621
380.96844485483626
873.2908444730718
160.69568072864172
746.2268410206474
273.2803600522551
921.7135414202951
813.8851096702037
12.808727501487871
664.7335923738609
516.1416088177484
228.78353273762374
735.2710905844305
820.7742190030532
538.9576452204701
544.1632390387106
191.91499885791586
463.9370090216868
461.6887241048089
679.0731335709262
374.5772825407752
144.62870962041262
160.42183320893622
123.27612790866826
97.98134773233858
894.888582341965
165.3934269163011
390.44429324330696
212.79752377733186
123.49048637590143
208.98875137654426
656.0961764532362
168.68265945747729
543.9620119847248
133.5565266072718
456.37010293155834
411.0739060046538
225.28955815300523
480.20157739436485
488.1839440433513
812.4499557681204
703.759505894439
743.5617262022076
781.5370264388399
928.4955161269739
12.156859127727904
100.83447630365549
586.0374556044352
841.5645199099278
385.5582808440585
895.7656123968089
130.91771026484733
366.83128165810206
122.34173532680725
10.959235224932806
916.3359334931718
613.476444428898
644.536263426884
842.157654733767
578.4758786807212
92.45894811401634
514.2207146624855
829.6471350157193
729.240669630303
979.440579575759
256.74081147109695
986.2985945605844
145.73628653726934
370.68315959094764
919.5537003523455
350.8968130607419
304.04363684035496
506.2109896940925
273.13123925802984
146.71434446532828
817.8446216109869
538.755133547848
77.7428860028857
607.6234668068037
299.3072628006381
366.99530370840995
114.12262695219866
782.2284617341281
128.31490825398583
180.85960410712664
169.64902163254413
827.3925012373409
538.2551167022742
688.2942332530624
251.80806520825905
572.3708801405376
201.09627811049168
617.2746393370328
621.5588171699337
234.66852541411055
741.0204865341885
585.1414728771418
510.28534373721766
596.6983263833683
408.99770656110434
677.0523939776956
998.6030797558518
996.2281359434693
191.41576540174322
449.9688460927269
854.5947417927005
986.1406748167982
839.783454124622
661.264455151972
244.99959891627765
162.00100230162695
43.527875402666226
261.7198671828105
63.10389299595531
841.0639819844947
687.8783584377404
721.5434457149237
556.7043447974969
108.49973317506168
752.4695037392537
58.42877437560312
91.90478623647147
318.29021252219604
536.894598760465
484.6913493731677
864.887244602042
965.4269982348205
507.9270186036637
704.6420402509543
482.78479058768454
495.977203712197
606.3297271344401
85.26909774040004
342.26744025098554
768.3690075591587
18.717566108471306
448.5574632507567
884.0304003102395
80.68995624992037
145.1072665840476
729.4044677664826
643.9300702203052
578.6960836119755
176.0270322765125
5.427647776725886
70.03435775541989
900.1730545421735
449.2778015162193
859.8216403130914
195.33448926152363
327.4221644666431
530.031433524397
694.3388600383282
988.474346916617
116.86804040326737
153.05792131391692
45.1347824061854
432.0457675532978
875.3361084558684
617.7387291518901
257.3733862607697
536.4827709081281
229.61426201658907
901.2234549460007
279.45380095097636
986.7418572136544
14.377320698324647
204.44927656790378
893.74065266784
949.0022388941057
174.09367843985413
165.38321232805276
990.1772714899886
739.1227493718994
208.86677963837363
201.41014576145412
380.8849301020132
695.208492476576
134.07144807545524
349.6274757013962
888.4628583724947
222.8135508249407
83.02280201753919
563.8436454955038
640.4077055961475
461.76932534859503
927.0564335098614
880.5127462624235
155.24066218890687
232.57779257044953
49.884314558142684
359.80052216212033
51.56948922960191
772.4351645927356
40.73872232317144
163.07450886399133
20.614250772265976
400.9519169147475
228.50256253564737
938.3576329873047
147.286586558834
89.16731176658521
522.4198297200509
453.2149966045458
446.494758005584
742.726000491187
392.117727554838
890.0052556449101
921.3749548331389
135.90825775871207
370.0556884503248
930.00977119547
158.76087736283773
396.03863075824063
829.9596005715371
473.3283566712774
78.59712012215248
301.3522263691579
496.3416802966816
906.930362518247
578.1143022410438
918.728676992123
952.58370809307
334.7215140069355
708.0214403862473
654.0787489845065
113.38749800582781
811.09671525026
634.6721571609846
661.1695180247245
370.39629767088167
808.5623573790813
90.32478598101679
675.2524864417397
363.5616128213932
579.9261165845462
849.9216642229139
345.5292810507111
665.8016057212393
423.51593223329377
611.4909389818432
246.0456987185231
743.7358338098055
373.4119091070007
843.2278362322177
178.14914231159372
816.2446644290471
940.6201021973262
579.1218752917995
293.87148023519137
551.7092681184537
718.8153729167293
232.69263323881418
92.3927830429545
596.393551817751
819.5720068731654
698.0391126429157
694.5513689651355
943.382974289005
334.3217205015741
333.12594491709
543.2115124311239
428.35531258744044
299.9796823028606
542.2502686171065
318.08244074976443
953.0214172071942
768.5109135307489
754.1240375921241
806.6459502200443
116.19376387142677
379.3451581588625
47.34036116332252
431.49125290353
268.5416317672795
878.6239523868569
853.7376209945695
92.40295049807234
897.4157973180157
686.707394852938
916.1417330070283
577.0878050032679
385.4209459412432
817.1627523171743
193.42067650333993
256.4644994968692
972.6489913984489
934.8379176579227
578.8466212191556
719.3148334634362
544.3157739358047
659.9547919174669
734.5371982770406
739.4623675025673
704.193091281726
327.4703262357981
357.6678908012383
103.45173358363292
902.9940529616307
528.0055797323979
520.81073649594
415.62587631785885
333.84519108923394
866.9548999151037
188.42310545332853
656.1037180607692
783.3068163016703
610.0357154234142
978.5428097340922
598.3901887776752
956.2409450153311
70.60018727249174
164.87623398661054
876.9731243154131
911.3602986572407
318.4298730284105
545.7191547323894
789.174623863225
20.999772876802105
54.34755795189417
263.3781132848429
403.25478481324996
268.83282063401805
379.4458500663207
973.410473341811
329.16966524220913
527.4579297647122
152.31787709088286
96.97621783509925
600.3084525814375
104.73842491691454
749.4849849697284
169.67946005068325
498.08634130624927
128.7077869617561
274.30224560829816
469.3535754131275
358.620378004501
322.20313698865885
897.1381141954795
860.1005289325469
986.7477400837188
64.86750486275695
131.0645429929891
494.8944526167196
680.4580284419415
549.759342369436
570.5452905269443
641.844227899888
951.4731066854938
685.8593990019757
213.27346914580937
882.4288997109164
602.9052805367268
814.4674487897483
676.8916077535015
77.22780522154449
537.3216848501776
285.7541213063561
772.5959991453217
313.3730484711783
745.727205378172
596.2748333463433
621.017340635079
701.8220537665131
802.3306622134569
548.3382431554551
399.9147867389987
250.62916723060712
662.1833055224187
424.12328550536915
388.9830524915301
328.5879368271965
751.2733417477992
462.4919813746027
587.6161007681388
871.2719381898719
123.90540881629563
435.85447072921977
642.941449706915
298.7588168221238
404.7830987270633
483.6699795259227
421.8135559032694
635.543636700047
48.6377413300425
723.3221160285419
336.39537198014244
624.2511256414239
173.31002140066042
113.09809358259892
156.67012843175
104.75445424422469
352.78266976248204
70.79338239665046
212.5933806399425
665.1074137063815
731.9489771814481
389.97700415070335
434.84458322235884
630.6765842480942
800.2488141209194
148.08927843520658
954.1334689870524
752.0997449220987
243.89267533073712
667.6817890545296
96.1951183781582
384.76661455614345
218.49510794492133
86.11759551020116
797.9208402005306
154.95205580182602
43.26868793593186
953.8241416237234
501.69056116213187
76.56985229510704
937.2165966941461
336.72457138691647
832.6086036694531
294.77617736214467
316.13613619835036
35.91299648718271
982.646745237175
974.1216847342362
157.14881656041757
569.1219780597801
526.3973017711501
662.4744201411064
577.063378087258
65.89210430434966
727.541475759999
78.47721102784489
954.8305431331028
186.30499461110506
85.13839666383505
980.7913002350224
598.7943805726159
765.4384557802942
746.1824297109714
274.6433288078809
924.0349578205895
745.3734917968884
318.05509188428704
664.2358479518156
936.8470724016878
586.1782484405012
834.2170892043215
783.0818973909257
523.4210578040845
348.32997331364265
100.45890931377643
216.9476130789132
337.27612871513156
74.90373366945668
44.12362551823734
148.8199013386169
673.6807448675328
958.0860959957967
630.4706147012695
326.65786689145284
180.62907526206183
786.0220920106528
672.4141198263404
978.0855472605751
223.57620913262565
622.7192434213409